1234
729
2165
2194
2216
2251
2275
2296
2328
2348
2369
2388
2401
2411
2421
2438
2448
2459
2469
2479
1489
1498
2170
2259
2314
2360
2405
2452
1526
1573
1619
1666
1736
1895
1913
1923
1933
1943
953
962
972
982
1217
1318
1437
1496
1544
1592
1637
1684
1774
1808
1827
1839
1848
1858
1868
1878
1887
1897
1907
1917
1926
1937
1947
1957
1967
1982
1992
2002
2012
2021
2724
1751
2265
2288
2299
2309
1319
2618
2642
2678
2692
2702
2712
2759
2787
2812
2853
3024
3057
3078
3099
3119
3154
3177
3197
3216
3235
2254
2275
2294
2313
2342
1715
1770
794
1155
1531
1253
1535
1558
1570
1581
1591
1600
1610
1619
1629
1638
1655
2490
1512
1524
1534
1544
1553
1563
1572
1582
1593
1603
1613
1630
1652
663
1821
1582
649
1778
1799
1810
1821
1830
1840
1850
1859
1869
1879
1889
1962
869
1826
2558
1573
2503
1359
2438
2792
2817
1079
1130
2906
1958
1986
2642
1801
826
1863
2755
2775
2787
1797
1808
1818
2049
1971
2090
1917
1941
1088
1112
1127
1142
1161
3069
3144
1186
2241
1174
2027
2047
2605
919
940
2495
1279
1330
1357
2293
2317
2328
2338
2348
1571
2620
2679
1719
1740
1762
1799
1626
1655
1699
1731
1753
1776
1794
1811
1830
1847
1864
884
1609
1651
1705
1723
1742
1764
1800
821
1998
1026
959
2198
2228
2249
2266
2282
2296
2312
2348
2377
2397
1417
2398
2222
2516
2908
2931
1943
1618
2226
2255
2270
2282
1933
1965
2287
2703
2725
2736
2747
2757
2767
2783
2794
2804
2814
2823
2833
2154
1789
825
846
938
2241
2278
2167
2283
1377
2572
1765
2390
925
2301
2376
2788
2884
1179
2814
536
1580
2569
2603
2409
2422
2453
2478
1212
2225
2277
2322
492
2354
1776
2002
1765
1817
1845
1500
3264
2318
2375
1422
962
1504
527
2003
2334
1390
2891
2235
2259
1819
873
1693
2177
2204
2224
1922
2326
2396
2447
2018
1882
925
1371
2998
2036
2052
2066
2079
501
1526
709
501
1033
1988
1905
1936
953
968
1944
1978
2006
2030
1053
1077
1116
1140
1164
1187
1837
2644
879
2285
1075
2362
2390
1819
1857
1345
2195
1063
820
1357
2433
2468
1314
370
1347
1370
1339
1369
1235
1482
1028
1344
1134
1051
1081
736
1041
1372
651
101
1395
1451
112
700
1549
1577
1592
605
1438
1492
1777
1825
1846
1897
1932
1946
104
806
830
1608
1645
1244
972
1508
340
2491
2516
-54
1664
1735
1812
1004
777
1025
1399
1867
891
49
77
96
1274
1298
1310
491
518
971
998
30
1101
2038
1069
530
555
1499
2239
2273
1296
1318
1337
1354
1191
1012
1295
-351
-1180
333
367
392
407
421
433
445
-543
-531
-518
-596
-552
-512
-488
-427
454
611
683
-143
-1120
-204
450
478
508
520
531
541
550
-440
-431
-421
-412
-390
-373
-363
-354
-344
-335
-325
-316
-307
-297
-287
-259
-238
-220
-202
-185
-174
-165
-908
-877
-648
-597
-570
-546
-522
-500
-477
-540
-519
-1508
-439
-418
-408
-398
-1389
-1380
-1364
-222
-149
-1124
-1101
-1079
288
-692
-1328
-282
-257
-244
-228
-205
-182
-99
-80
-67
-55
-43
-500
-318
-1065
194
221
242
262
-718
-699
-682
-672
-663
-752
-616
-729
-698
-679
-662
-644
-632
-622
-602
-592
-583
-574
-564
-555
-546
-536
-527
-518
-508
-499
-490
-480
-470
-461
-451
-442
-428
-419
-409
-400
-391
-381
-372
-363
-353
-344
-335
-325
-316
-307
-297
-288
-278
-265
-255
-246
-237
-227
-218
-209
-199
-190
-181
-171
-162
-153
-144
-134
-125
-116
-106
-93
-84
180
199
209
219
228
238
247
256
266
275
284
293
303
312
322
331
-1331
-128
-1107
-1097
-1087
-1077
-1067
-1058
-47
0
25
-952
-929
-906
-689
-668
-651
-8
10
-980
177
202
227
249
271
294
316
-661
-239
-170
85
-1419
-269
-1247
-1234
96
116
127
-455
-432
-420
-1408
-385
-1345
-1032
-1014
-1002
-992
-982
-1066
-1049
-1039
-1030
-27
6
33
56
73
96
108
-880
-864
-852
-840
10
31
-937
-927
-917
-817
-802
-792
-782
-773
-756
-747
-222
-201
75
105
128
149
170
188
201
211
-779
-770
-517
-483
-462
-442
-423
-404
-1385
339
374
390
403
415
427
439
310
-341
-314
-302
-293
-283
-273
-1264
362
-401
-300
1
59
-162
-938
-1599
-286
-195
62
196
-740
362
430
-541
-1517
24
73
169
103
-279
-243
-217
-192
-12
-236
-213
-201
-686
-661
-648
-1638
-641
-620
-605
-586
-556
-526
-512
-125
-1049
-278
-1402
-210
-187
-766
-738
-738
-558
-534
-522
-7
20
49
66
77
87
97
-425
-406
-1395
-268
-220
-203
-189
-1173
-1148
-1132
-1117
-1102
-161
-133
-94
-76
-1058
-1042
-1026
-252
-1232
-202
-182
-171
-1161
-106
-84
-73
-62
-53
-1005
-985
-1057
-1036
193
-780
-761
-744
-729
-712
-889
-822
-798
-756
-402
-382
-371
-1361
-305
-279
-258
-234
-211
-188
-165
-143
-188
-159
-141
-105
-72
-55
-38
-22
-6
10
441
477
-501
-1281
-119
-1084
-777
-754
-742
-732
-537
-525
-1492
457
-489
-462
-437
-397
-373
-586
-541
-517
-494
-470
-447
-197
-124
-89
-65
-42
-19
5
27
-951
32
66
80
-475
-412
-365
-320
-248
-202
-158
-115
-87
-63
-40
-17
6
29
51
102
-382
-356
-336
-325
-316
-307
-297
-288
-278
-268
-259
-246
-228
-198
-178
-160
-145
-128
-118
211
233
245
257
269
281
292
304
317
328
340
-648
-637
-625
-613
-594
-581
71
101
131
153
171
-1426
-222
-151
-108
-62
-18
27
58
79
93
102
119
129
138
147
156
166
-1206
-897
240
264
278
290
302
314
326
338
351
-629
-617
-604
-592
-580
-569
-557
-545
-533
-521
-509
-497
-485
150
174
185
196
205
221
231
241
251
260
270
279
-662
-542
-1083
73
126
-369
291
-1202
-1110
-1004
-938
925
952
966
978
990
-1320
-358
-331
-1207
-1182
-534
-213
-188
-176
-166
-156
-147
-137
-1038
-71
-48
-37
-27
-18
-8
2
-975
-383
-1468
-864
822
843
-1007
-978
-964
-141
-583
-343
-315
-300
-1062
-1041
-535
-136
-99
-83
-71
-59
-515
-1374
-50
-1452
-526
-453
-461
-964
299
327
-1004
156
203
150
181
213
-352
-321
-1037
-1014
651
-319
-98
-1074
-426
-1398
387
-588
349
-222
-52
629
650
666
-319
-217
-190
-176
-810
453
328
-636
705
750
770
788
816
835
847
857
866
875
885
902
911
-79
-972
347
368
379
389
-601
-591
-581
-572
-562
-553
-543
-534
-524
-508
-498
-488
-479
-469
-460
-450
-440
-430
-421
-412
-402
-393
-383
-374
-365
-355
-346
424
-551
-401
-377
-364
-351
-339
-327
-316
754
773
-217
-207
-53
-33
-23
-6
200
-672
-643
-620
-604
317
344
366
388
411
-568
-546
-531
-519
-507
-496
-476
-464
-628
-594
478
509
527
539
-449
-437
-425
-413
-401
-389
-377
-365
-345
-332
582
601
611
621
631
640
650
-341
-331
-322
-312
-303
-293
-284
-274
-258
-249
-239
-230
-220
-210
-201
-191
-182
-172
-163
-154
-437
-420
644
665
-317
-306
-297
-287
-277
-267
-258
-248
-238
1029
1050
1061
1070
1080
1089
1099
1109
1118
1134
1144
1153
1163
1172
1182
191
201
211
220
230
240
250
-741
201
220
231
248
258
268
277
287
297
306
-698
310
-566
-548
-512
-529
788
840
881
922
952
971
984
994
1007
1025
1090
1107
1117
1154
1175
194
225
958
1065
88
109
139
159
178
191
200
-120
-935
173
299
320
642
1024
48
77
-60
-39
-18
83
110
122
132
702
727
-187
-163
-152
-37
-17
1128
1180
240
252
196
216
227
236
246
255
265
274
283
293
310
320
329
338
348
502
521
-608
-616
-598
-607
-586
-391
-468
-449
-190
-75
-44
-13
91
121
153
282
-695
380
-539
-92
-67
-56
-46
-36
-27
-92
46
138
521
483
-232
-52
-24
-2
18
37
-657
-420
-395
949
981
997
1008
1018
1135
1154
1166
1178
1190
1201
1213
225
237
249
1068
809
712
-156
-135
364
385
-604
-594
514
602
-376
17
100
142
269
333
-641
832
683
707
-243
-221
-215
-109
-347
181
564
818
843
492
988
682
573
831
1176
1231
185
-773
802
-243
-196
-150
-125
458
-493
900
936
953
-29
532
590
648
1315
1374
1391
1406
1421
1436
1450
1463
1477
1491
1506
1521
1535
1549
1563
1578
1606
1626
1636
1646
1656
1666
1675
1684
1725
753
790
807
834
854
870
880
889
899
914
924
35
51
61
70
79
89
1092
352
378
394
408
423
437
946
974
-14
935
-39
49
128
172
226
259
278
290
302
314
326
337
349
361
1394
471
522
545
566
586
-394
428
454
472
587
652
697
-261
-224
1181
1226
1250
1273
1296
1334
357
379
402
423
445
495
519
541
563
605
653
697
770
979
172
198
292
313
323
333
342
352
361
370
379
389
398
407
-583
-271
-220
-172
367
405
436
468
308
330
341
351
360
370
379
-612
-602
676
696
-294
685
707
-283
744
-235
-217
909
-45
-10
911
933
-57
-47
-37
-28
-19
-10
0
25
56
79
118
138
980
0
262
304
-683
386
414
435
544
568
579
-412
489
-489
1016
1059
95
123
134
269
484
532
-443
-199
1067
952
982
1005
1248
1549
1338
1003
965
133
1340
1366
1378
1389
480
500
511
521
2050
2071
2082
1092
1110
1175
1212
368
1603
137
458
488
503
516
542
555
1699
1726
1743
1759
1150
2536
1546
1582
2044
2066
2078
2088
1098
1108
1085
1108
622
649
663
2038
1112
1745
1787
1445
1487
1502
515
528
859
886
1313
1338
1352
373
623
2278
2305
1319
1332
382
435
549
1846
1869
1902
914
2064
1115
1079
127
151
1617
1641
603
623
634
644
654
755
776
1106
1246
1319
1350
374
1076
1098
1112
1397
1423
1786
806
1825
851
1187
1392
462
1282
1329
356
381
1542
562
2011
1308
1420
449
1538
1563
1408
1447
1468
2082
2118
2139
2152
2165
2177
2198
2210
2222
1234
2010
1033
2053
1422
1284
1712
1742
1883
1926
1630
1347
1732
1866
1435
2181
2213
1658
1677
1356
1699
1686
1696
1748
630
1211
1409
1212
1072
2045
697
719
731
741
751
761
-230
1099
1354
1397
1424
1448
1468
487
1305
1358
375
-98
963
913
2156
675
716
758
1053
1542
1646
1847
1477
1640
1666
681
1667
1691
1267
1094
120
1466
937
1346
258
1419
1954
905
772
1450
1531
594
1295
1837
950
904
1639
1475
888
1705
1443
1386
1025
1678
1654
1685
1580
1715
1892
917
1680
969
3
1266
1287
299
493
527
1204
1770
1345
1006
1034
1048
1061
1073
1085
1097
1109
1120
132
1564
1585
1597
1634
654
730
1385
1674
1698
1698
1441
1383
1834
-306
1555
1581
596
1879
1905
1930
1976
2002
2036
2059
2080
1103
1116
1128
1740
1777
1246
2140
2160
1172
1302
1252
1283
1297
1220
377
2103
1698
1728
1748
1767
1182
1249
283
1224
1251
519
1867
888
2214
1248
1273
1669
1571
1835
1964
1039
1417
1462
1488
1827
1288
339
1472
1526
1778
-43
1717
1326
271
527
558
860
888
1827
883
912
936
1246
1595
768
795
809
822
-164
1752
1602
1656
1511
1535
1419
1500
1623
1663
876
930
955
-21
1625
-207
1606
-140
896
-78
1177
1201
999
26
230
260
44
1963
988
1206
1421
1048
1157
217
854
1807
859
927
1164
1373
1943
975
1806
838
1527
1550
1564
1576
1691
1724
1079
1105
1119
1131
1143
1155
1167
1178
1190
1201
1213
1225
1350
370
1488
746
1129
1092
1606
885
-30
1036
990
1534
1255
823
1040
1070
1830
1754
1046
1209
1176
1230
1259
284
1460
821
1385
1642
1667
1282
1318
759
828
817
846
1110
400
698
719
731
1796
1822
1836
1848
1860
1873
1839
1956
1994
2019
847
869
882
894
916
928
941
953
965
977
989
1000
1012
24
840
-138
1952
1974
1992
2002
2013
2023
2032
2042
2244
2272
1286
1300
1313
1325
1337
1349
1363
1375
1387
1883
335
602
624
2407
126
1905
1927
2047
1090
1802
1467
1394
2071
1093
1104
1114
1124
1133
1143
1474
1802
1830
859
882
1064
94
1235
1281
1301
963
987
1004
1021
1353
1450
298
1383
1519
708
729
751
779
791
801
1894
1926
938
948
1567
1596
1610
1368
1392
1411
1423
27
1330
1357
1666
1808
1835
658
695
710
723
735
1876
904
977
1049
1075
1114
1138
1157
617
872
903
208
1677
1717
1717
1805
1430
479
1217
906
1553
858
-27
1828
1856
1872
1910
-48
1776
2022
1438
466
1460
1483
1379
1410
1442
1460
1478
1495
1513
1532
553
573
1577
1606
1383
1655
1681
1802
1822
1840
730
1740
-69
904
1209
1052
80
1400
1429
1425
1447
1478
1060
1772
1428
1010
1616
981
1480
1764
1799
1300
1052
81
1356
1380
2134
2162
1353
1278
487
1754
1453
2390
2410
2422
2432
2442
2452
2461
1471
1010
34
200
1693
1727
1739
1749
1759
1769
1778
788
797
819
829
839
848
560
581
1625
1654
1680
696
711
726
741
756
771
787
833
862
905
928
949
-33
857
876
887
896
912
922
931
941
-50
1014
39
1384
1681
1734
1850
1618
1646
887
855
940
1450
1471
-173
1140
1198
1300
390
476
1436
1462
508
536
549
559
1558
1580
592
602
612
622
632
1444
1471
1488
1832
861
876
857
899
915
926
-65
1063
1084
102
112
2029
2249
2268
2286
2330
1512
1563
1590
1306
780
-200
191
1530
2578
1606
1623
1639
1653
1668
1682
1700
1718
1496
1520
1539
1549
1559
1569
1098
1656
779
-191
1752
-195
213
965
1288
-234
1422
1405
1433
827
1672
1694
1173
1475
1501
1518
1411
1454
479
1758
1780
1794
1806
1818
1830
1212
1233
1244
1254
1448
1500
1654
680
697
711
1185
984
1015
1007
1035
1563
1626
1197
1396
1060
828
722
-281
-228
786
1742
802
1667
1475
896
921
933
943
953
963
973
983
992
1009
19
639
1397
1463
1507
1541
657
1622
653
-333
844
-130
1641
669
683
575
1815
1237
459
779
807
-173
-296
1093
1125
142
1429
1450
1461
471
1529
737
793
820
846
870
910
1281
1301
1158
1189
1205
1112
1142
1163
1070
894
845
1069
982
-201
561
1223
1077
1124
1472
1521
1544
703
-271
1560
587
1218
546
618
1055
628
1512
543
-228
925
-95
957
522
848
872
886
898
910
922
934
946
958
970
983
995
1007
1019
1030
1042
1054
1074
1086
1098
1110
1122
1133
1145
1157
1168
1180
1192
1204
1216
1227
1239
1251
1262
1279
1292
1303
1315
1327
1339
1351
1363
1375
426
285
312
327
340
371
422
449
1325
1360
1604
1627
1640
1652
1664
1676
1688
1439
265
294
1358
1501
1556
1652
1741
1791
1853
1904
1939
739
769
791
812
833
1506
-484
633
666
688
653
680
695
707
728
740
752
764
553
604
632
656
679
701
724
747
770
793
815
838
861
1226
1093
210
1708
736
-252
748
1531
1096
827
882
1245
308
1731
786
1082
1122
1145
1158
1188
1622
753
1130
695
1401
392
1500
804
826
823
850
1815
858
938
1079
1102
1117
1136
1156
88
110
121
131
1540
1564
1578
602
1422
1451
1471
492
1790
1816
830
852
865
912
461
1162
188
1057
809
1317
1073
125
1404
1427
1052
1017
1027
1096
168
1041
1329
1373
1399
1422
1445
1468
1494
1518
1541
564
586
333
1545
592
918
944
1911
934
946
1456
1484
1497
1508
518
534
594
624
645
1393
1417
1428
1297
1317
1328
1638
1133
1155
167
1294
1338
1369
391
409
427
444
462
481
1313
1348
1368
1452
1338
1360
372
1568
597
619
635
651
703
726
745
840
893
938
-20
1201
1258
1280
1293
303
1441
1489
794
815
-214
2100
1345
669
783
1363
1197
1463
1485
1612
630
641
1403
1825
1850
1861
1872
1882
1000
1641
1119
1140
482
507
1774
767
902
926
1876
1902
389
411
1536
1591
1620
1824
317
903
1424
1667
1697
1649
1670
1681
1692
714
735
754
771
2483
1548
2001
1051
1075
1094
1107
147
168
247
268
278
1403
1423
1441
1018
1063
88
1917
1946
1231
1354
1395
421
2078
2122
2148
1172
1345
1408
1475
1429
1460
1417
1444
1464
1481
1498
1514
1528
1544
1559
1574
1589
1703
1749
1781
1798
1808
1818
1828
1837
1847
1857
1867
1876
1885
1895
1974
2013
2032
2046
2080
2096
2111
2125
2140
2155
2183
2289
2311
2328
2343
2353
2395
2407
2417
2427
2436
2445
2461
2471
2481
1490
1500
1509
1519
1528
1550
1561
1571
1580
1590
1599
1608
1619
1637
1655
1682
1699
1715
1729
1743
1757
1772
1806
1828
1848
1868
1922
1934
1944
1954
1973
1993
2021
2039
2056
2071
2088
2105
2121
2136
2151
2167
1185
1201
1220
1402
1419
1451
460
470
486
530
556
573
1612
1642
662
673
684
693
1659
680
690
700
900
924
944
982
1042
1068
1094
1119
1928
1992
2018
2041
2054
2067
2079
2091
1104
1116
1127
1139
151
927
952
964
974
984
993
1003
1013
1046
1069
1089
1108
1123
1154
1165
1174
184
1074
1105
1261
1452
1476
1497
1519
1538
1554
1658
1678
1689
1699
1709
1718
1728
1738
981
1010
1041
1058
1149
1226
1246
1940
1966
1997
2041
2062
1072
1082
1130
1143
1153
1163
1172
1182
1192
201
211
1194
1214
1224
1234
1250
1270
1299
1318
1334
1344
1361
1349
1380
1401
1523
1544
555
565
832
852
862
872
-119
1200
1336
1350
1512
1533
1544
1554
1564
580
1628
646
658
668
677
687
696
706
715
725
1942
1965
991
1010
1029
1181
1207
1018
1039
1050
1060
1035
1332
1404
3992
4021
4035
1577
773
823
863
4744
3776
3793
5018
4041
7412
6485
8943
8994
8028
8042
8070
8092
8123
8144
8154
7165
7174
8202
5505
5527
5538
5106
5146
2707
2820
2847
2912
2927
2944
2974
3015
2742
2771
2792
1821
1866
2809
2871
2883
2893
1929
3037
2062
2456
2478
3338
3390
3411
2523
2549
2566
2615
2683
2734
2756
2776
2805
2825
2842
2853
2863
2872
2907
2918
2928
2937
2953
883
1206
1207
1270
1314
1358
1546
571
583
2070
2091
2101
2111
2121
1131
1141
1151
160
1272
1298
1469
1519
1562
1586
1610
1633
1656
1678
707
752
817
865
907
1731
1751
1762
1771
1781
1791
1801
1822
851
869
597
619
629
639
649
658
2501
1531
1545
1557
998
964
1540
2268
1292
375
842
22
1110
1175
1132
1156
1168
891
1533
1116
1743
1794
1325
1353
1215
1238
1249
1942
1602
428
2241
286
1674
1787
2098
1170
1216
283
1392
1474
1499
1070
1097
741
761
1035
2050
1073
1085
504
525
536
547
2099
2099
2157
2185
2209
2223
2235
1103
1353
1376
1389
1401
1439
1464
1499
1610
1866
1637
1661
1674
1776
1640
2565
2605
2627
1646
2542
2574
2601
2614
2624
2634
1644
1666
1684
1694
1704
1535
1586
1602
1612
1622
1632
1641
1661
1557
1608
2605
2647
2666
1682
1697
1713
1728
1749
1782
1800
1815
1830
1845
1860
2770
3018
3039
2051
2637
1711
1731
797
1889
1942
1962
2008
2074
2094
1105
1124
2209
2558
2622
2644
1662
1676
1817
1930
951
1506
2239
1299
2314
2199
2247
1268
1250
1356
1376
2378
2422
1439
1452
1464
1476
1489
1514
1538
1562
1488
1517
1538
1573
1595
1621
1637
1672
1728
1760
1795
1825
846
1706
1767
1787
1798
808
2018
2192
2279
2373
1393
3086
2391
2417
822
2513
2586
2625
1726
1760
1969
1795
818
2147
2235
1264
2600
2673
1656
741
2017
1066
2388
2448
2468
2480
2491
2501
2511
2537
2549
2559
2568
2578
2588
2597
2607
2616
2625
2635
2644
2654
2664
2674
1908
1968
1246
3435
2475
1929
1983
2056
1081
2210
2256
2275
1307
1363
1385
1232
1361
1378
1388
1398
1415
2483
1564
1605
1640
2085
944
975
992
1006
1045
1073
1097
1119
1154
1180
1204
1589
1528
1912
1950
1970
1979
2000
2011
1250
1173
2444
1451
1544
1598
1616
1629
1678
1848
1431
1803
1788
1825
1108
1208
3197
2226
2257
2278
2299
2522
1542
2080
2418
2446
1475
1219
1463
1489
2456
1483
1501
1517
1352
1618
1643
1654
1664
1674
1687
1700
1713
1725
1737
1750
1762
1774
1338
1594
1617
1631
1643
1663
1677
1689
1701
1713
1726
1738
1750
1762
1774
1786
1798
810
1480
1729
1749
1761
1771
1787
798
1733
756
774
790
800
4022
4062
4079
4094
4110
4152
4181
4206
4224
4242
4259
4276
4293
4311
4322
4332
4341
4350
4360
4369
4378
4388
4404
4415
4425
4434
4444
4453
4462
4472
4482
4491
4501
4510
4519
4528
4538
4547
4557
4566
4591
4601
4641
4660
4671
4681
4690
4699
4710
4719
4746
4783
4802
4836
4866
4885
4903
4920
4945
4962
4982
5011
5021
5031
5041
5050
5060
5069
5078
5087
5097
5106
5116
5126
5135
5150
5160
5183
5203
5228
5244
5256
5274
5285
5294
5304
5314
5323
5333
5342
5351
5361
5370
5385
5395
5405
5414
5423
5433
5442
5459
5469
5479
5488
5497
5506
5516
5525
5535
5544
3559
3574
3584
3593
3603
3612
3621
3635
1647
1664
1684
1694
1336
1423
1457
1474
1495
1518
1557
1580
642
1588
1746
1763
1773
2879
3004
2044
2878
3640
3683
3709
3734
2073
3029
3051
2486
2514
2530
2545
1560
1574
3239
3490
3507
3519
2530
2540
1306
1384
1409
1422
1438
1585
1604
1615
1625
1635
1645
1024
2228
1753
1799
1159
1265
1288
2590
2673
2693
1706
1773
1244
2296
2339
2359
1373
1406
1440
1477
1514
1538
1558
1577
1614
1646
1660
2250
2330
2444
1531
2283
1338
366
1818
1857
1876
1893
1909
924
1849
900
2045
2128
2162
2179
2196
2216
528
934
983
1443
1515
1538
1552
564
1928
1987
959
1026
2000
2140
1169
1190
1210
1230
1247
1287
1308
1375
1270
1299
1413
1444
1460
1498
1518
1537
555
1680
1774
1823
871
1835
1922
1948
1969
986
1002
1080
1177
1198
1213
1235
1259
1283
1307
1445
1574
1595
2139
2080
2185
2444
1469
1483
1496
1508
1309
1517
1537
1548
1907
957
981
1009
1037
1057
1083
1120
1144
1172
1186
1196
2549
3230
2256
2036
2183
2248
1285
1308
1086
2072
2180
2200
2212
1349
2292
2355
191
268
1474
1752
1787
808
1577
571
643
1849
2109
1086
1569
1607
1628
1793
901
922
1049
1097
1016
1082
1127
1166
1205
1243
1282
1187
1271
2058
2148
1193
1230
1266
1257
1296
316
332
346
361
921
-24
132
1192
1264
601
535
574
587
598
608
617
627
637
646
656
665
674
811
865
912
-68
1218
1286
1767
1823
1842
1853
1863
1481
1532
1583
1629
766
846
933
985
1030
69
996
1101
135
1198
241
268
292
1381
484
527
549
2292
2337
1356
1225
1279
1305
1329
1352
1378
1401
1496
1575
1614
1632
1657
674
1147
1504
568
988
1017
1034
1050
1066
81
1038
1088
40
1064
1112
-209
681
-266
1655
690
711
678
-275
693
739
-239
1023
1123
1168
1207
1273
354
977
1022
1041
1067
1082
1096
1111
1846
707
645
667
2147
2246
1265
1290
1303
1314
1324
1334
1343
1359
1369
1379
1388
1397
1407
1416
1425
1435
1453
1464
1473
1483
1492
1502
1511
1521
1530
1546
1556
1566
693
920
950
970
-6
954
1021
1049
1069
1101
1125
1145
1167
1180
1192
1212
224
1258
1336
1359
1373
2128
1150
1703
1793
941
995
894
1027
147
188
210
254
1411
1465
1740
1824
1867
1893
1236
315
1171
1720
1745
756
783
796
-177
1179
245
290
312
330
1531
1046
1269
1338
2008
2044
2064
2075
1086
171
203
972
1731
816
946
839
907
926
938
948
1136
1193
1210
221
1255
1303
1322
1333
1344
1595
958
553
723
974
626
679
845
918
1040
1061
73
166
474
1254
1213
1346
1242
1274
1298
1320
2109
133
2084
2237
1263
1028
621
1507
1546
1568
1585
1616
1635
646
2112
2175
2206
2230
2253
1275
1298
1426
1483
1527
1582
1618
1652
1671
741
766
788
1330
1351
1363
1373
1383
1393
1402
935
998
22
1277
1317
1340
1353
371
391
404
1868
1910
986
1059
1359
390
542
410
468
1658
1711
741
759
769
779
1124
1171
1190
1206
1221
1237
1253
275
1231
311
1697
1755
1779
1796
811
828
845
870
888
905
920
935
1181
1201
1218
1234
1252
1265
769
1150
2216
1323
1400
1435
1449
459
1550
1614
1648
1667
1710
751
1443
1508
1525
1537
1547
1556
1707
1446
1514
2508
1603
870
99
1121
1166
1188
1212
1232
1330
652
1352
1862
901
958
1007
1030
1046
1061
1600
1653
1674
692
710
1971
2060
1193
1245
1293
2145
2234
1274
1299
1323
1346
1369
1393
1416
1439
1464
1520
1536
1565
595
1693
1961
1981
1992
2002
1012
1022
1031
1041
899
936
1112
1119
1140
1150
1160
1178
1189
199
1456
476
1445
1467
1477
793
553
1596
1761
1815
842
866
969
997
1745
764
775
785
865
912
937
1211
1269
1249
1269
1649
671
964
978
1215
243
1049
1180
1200
1210
1220
1021
2173
219
1127
1238
1259
1270
1280
1473
1509
524
1391
1436
1469
1507
1525
763
872
1228
1247
1258
267
1902
2017
2034
212
397
1207
1228
1239
250
261
271
1318
1379
1411
1424
1434
1444
1453
463
473
1459
1480
1491
1509
530
541
551
568
1604
1630
651
983
1028
1389
1445
1472
1665
1713
1727
1737
1747
1757
1767
1777
791
1909
1929
1940
1303
1328
1941
1987
1013
1037
1060
1083
1106
1128
198
1745
773
1108
1159
1116
1136
1147
1302
1527
1591
1620
1446
1722
1743
1754
765
1458
1651
1668
1679
1689
1698
774
903
926
1161
662
393
551
1185
1206
1229
533
1482
1503
1514
2174
2244
2314
2363
68
380
1332
1379
1249
1320
1369
856
1172
1200
480
593
649
978
1970
577
653
1078
171
724
806
822
1976
2123
2166
2192
2217
2258
2283
2307
2330
1353
1377
1210
1243
1518
1539
1563
1578
915
-35
932
1013
1058
2029
1663
1686
1705
1716
1725
1736
237
1567
1588
559
515
1026
936
1152
1226
1389
1489
897
1312
963
1014
1815
1918
1953
979
665
969
938
1775
1803
1825
653
685
697
408
2411
1663
1720
701
1197
1256
1145
274
1393
1418
1431
1444
506
785
1254
1275
1426
1451
872
954
714
1076
2892
2919
3280
1021
1049
1064
1760
1817
838
1924
1877
1148
1667
1432
529
976
765
1006
27
793
1479
696
1401
1511
1532
1547
175
1240
1370
688
758
436
3515
1556
1585
1611
1636
1655
1668
1680
1715
1730
1739
1749
1758
1768
1777
1786
1796
1543
866
1373
1412
1427
1527
1548
1561
1574
1586
1598
-60
1084
1147
1165
1178
1190
1202
1214
255
273
1134
1150
1160
1282
1297
1307
317
327
337
347
357
1452
1535
1553
1564
932
1005
1026
76
1379
402
1837
1872
1888
1909
1922
1935
1947
1271
1062
1196
715
1614
2372
2490
2521
2544
2566
640
2142
1223
1271
369
394
429
696
1084
542
214
580
988
80
1916
-196
797
833
849
1043
1426
1325
1573
1712
748
766
810
828
853
877
892
904
916
928
940
964
976
988
1039
1068
1091
1114
1254
1283
1297
1310
1322
1334
1782
1082
1110
721
1761
1781
1461
14
1515
1595
512
2388
2485
2515
2539
2563
2600
2625
2649
2672
2694
2716
2749
2762
2782
2792
2802
2811
2821
2830
2840
2849
2858
2869
2879
2888
2898
2907
2917
2932
2941
2951
2961
2975
2985
2995
2005
2015
2025
2034
1044
1712
1767
791
811
826
836
853
870
880
1037
-66
1349
-983
-1875
-1298
-1264
-1246
-1230
-1215
-1182
-1164
247
-515
153
-819
-769
-1743
-168
-99
262
-647
-574
-683
-627
-589
-566
-1550
-1534
-1519
-572
-548
-660
-578
-1542
474
616
635
-353
-18
-733
-655
-324
-148
-107
-1043
-1005
-982
-152
-1099
401
424
436
-554
2
-902
-660
-597
-377
-319
-298
-1287
-316
-191
-167
-149
-132
-1116
-51
-23
-7
9
-977
-962
-76
-468
-397
-379
-362
810
847
870
928
-35
-16
390
469
-478
-422
-323
-1284
203
242
-346
-286
-117
-44
-24
-12
-25
5
24
41
53
70
80
102
121
132
141
-849
46
81
102
116
126
136
146
155
187
203
213
228
238
256
268
277
287
296
306
316
325
334
344
353
362
372
389
423
450
467
483
542
562
386
505
679
713
735
-252
-240
-228
-216
216
-795
-759
419
463
476
486
496
506
520
531
541
550
-439
670
707
728
-239
-258
-158
-134
-854
361
420
435
445
456
465
484
502
512
522
532
542
552
561
576
586
596
612
622
631
641
650
659
669
679
-290
523
556
-430
-774
695
-239
991
1036
1201
1271
1297
1400
1432
-35
19
45
560
1275
1349
461
252
295
313
326
338
350
503
-221
830
-126
-112
621
-839
669
-214
-349
-300
725
823
864
905
923
936
948
959
971
983
995
1008
-177
398
-562
661
686
700
713
725
748
761
793
808
820
832
844
856
868
913
-401
858
-90
-578
508
508
536
581
621
644
662
1055
171
223
906
933
82
276
532
582
707
810
829
143
178
201
218
239
258
1398
472
514
539
-435
546
604
-378
-367
-357
791
837
854
-135
1041
356
418
700
736
754
-236
1044
1105
1126
1145
1162
1190
139
188
439
465
-518
535
569
585
600
616
633
673
-307
869
-94
912
-283
-238
1168
1229
1251
1268
1283
1297
1311
1333
348
1795
1848
1864
1874
1884
1391
760
1766
826
852
874
893
914
1479
1620
1704
1758
1327
1073
95
1708
1847
1891
267
592
973
1045
839
889
2028
2096
2132
2148
2165
1183
1219
1239
2692
1730
1746
1757
2168
2204
2220
2265
1287
1304
1321
1357
1371
381
1117
1158
1171
1385
1450
1471
1491
516
1858
1890
1910
1927
1945
1957
967
984
995
1005
1583
1637
1651
1661
671
687
698
708
718
727
1824
1859
1873
883
893
903
913
2263
1301
1335
1353
1374
1387
1399
1412
424
1507
1527
1537
1547
1569
1588
1607
1638
1658
1677
1688
1698
1708
1717
1727
1737
1746
1756
1766
1775
1785
1801
1811
1855
897
918
2135
2245
2344
2380
2405
2429
2470
2494
2517
1291
1206
1256
1496
1404
2347
2391
1417
1441
1981
2038
1061
1208
939
979
0
1904
1974
2166
2195
2237
2262
2286
2309
2332
2317
1787
1843
1088
1131
1156
1213
1231
1280
1306
1337
1357
1725
1813
1864
1916
1959
2004
2030
2054
2077
2101
2124
2147
2170
2193
1216
2094
2149
2176
2200
2224
1247
1287
1376
1713
1736
1770
813
859
1931
1978
1995
1012
1027
1042
1058
1075
1090
1105
1121
1136
1150
1544
1596
1618
1636
1654
1672
1694
1669
1712
1727
1745
756
781
793
2119
1237
1431
1464
1484
1502
1523
1541
1559
1591
1612
1631
1677
1451
506
626
681
696
858
914
951
1017
1091
1167
1196
1283
818
913
938
958
977
1223
1250
1294
1318
1337
1354
1365
1396
440
1465
1505
1522
534
554
567
585
1478
1572
1600
1622
1642
1664
678
713
728
741
752
765
776
788
800
1790
814
837
862
895
1161
1226
1267
1301
1322
1341
1358
1378
1388
2034
1123
1160
1181
1198
1239
1679
1700
1711
722
732
2169
1189
201
1873
1939
1967
1991
1014
1038
1077
1103
1127
1761
1793
806
816
826
836
845
1839
932
950
960
970
981
991
1007
1017
1026
1036
1046
1056
1066
1075
1085
1999
1056
1071
81
1170
1217
237
256
1175
1336
1355
1368
1382
395
1476
1515
529
539
868
893
987
1050
1067
1078
88
1265
1432
480
1780
853
944
790
848
864
882
1108
1210
1263
1285
1462
504
538
1942
1025
1042
1054
1074
1098
1111
1121
1050
1167
1190
1175
1231
1363
1422
1445
1817
1924
940
952
1030
1008
280
1156
1200
1234
1258
1292
1305
1325
1341
1366
1377
1439
1460
1501
1546
1575
1620
1654
1666
1683
1701
1719
1746
1773
1817
1835
1853
1887
1907
1922
1947
1984
2001
2011
2021
2080
2118
2141
2158
2175
2185
2207
2328
2348
2367
2410
2437
2449
2460
2470
2498
2510
2520
2529
2539
2548
2566
2576
2585
2595
2605
2631
2642
2652
2661
2679
2690
2700
2717
2728
2738
2748
2765
2776
2792
2802
2811
2821
2831
2840
2850
2860
2885
2897
2907
2916
2926
2935
2945
2955
2964
2979
2996
3006
3015
3025
3035
3044
3054
3063
3073
3082
3092
3101
3111
3120
3139
3155
3165
3193
3215
3244
3327
3348
3358
3406
3429
3469
3489
3506
3522
3538
3556
3567
3583
3593
3602
3622
3631
3641
3656
3666
3675
3685
3694
3704
3714
3723
3733
3742
3756
3766
3775
3785
3799
3809
3819
3828
3843
3853
3862
3872
3909
3921
3931
3941
3951
3966
3976
3990
4000
4009
4026
4036
4057
4068
4077
4087
4098
4108
4117
4127
4138
4156
4186
4215
4235
4257
4269
4279
4435
4461
4482
4502
4530
4550
4567
4584
4595
4604
4614
4624
4642
4652
4662
4671
4681
4697
4708
4721
4731
4741
4750
4760
4777
4787
4796
4806
4815
4825
4835
4844
4854
4863
4873
4887
4897
4907
4917
4932
4941
4951
4960
4970
4979
4989
4999
5008
5018
5027
5036
5046
5060
5069
5079
5088
5098
5108
5124
5134
5143
5153
5162
5172
5182
5191
5201
5210
5246
5322
5358
5395
5443
5489
5512
5531
5551
5569
5588
5618
5637
5655
5666
5676
5686
5696
5705
5715
5731
5740
5750
5759
5776
5786
5796
4809
4822
4832
4845
4858
4868
4878
3887
3901
3914
3928
3938
3948
3957
3967
3984
3994
4004
4013
4023
4032
4042
4052
4062
4071
4081
4090
4100
4114
4123
4133
4142
4152
4161
4175
4205
4227
4245
4262
4279
4290
4300
4310
3323
3406
1642
1674
1700
746
767
1807
902
1805
850
875
925
1807
1841
864
886
909
931
955
995
1018
1069
1171
1204
1228
2010
2060
2074
1086
1123
1144
1154
1252
962
1282
1346
1363
1373
1906
2041
1589
888
1601
1173
2516
1841
1923
1957
1990
1024
1299
385
468
456
294
1322
1372
1387
1412
1454
1677
1717
1733
746
1331
1367
1381
1397
1408
1418
1636
632
602
641
640
1021
1092
136
692
1639
1662
1680
1693
1711
1722
1731
1754
1772
1782
1792
1802
1812
1822
1831
1842
1852
1861
1870
1903
1921
1931
1941
1951
1961
1977
1988
1997
2007
2017
2027
1781
1865
1908
1935
1959
983
1022
1077
1126
1174
1320
1412
1424
1442
1453
1463
1472
1487
1497
1506
1516
1525
1535
923
-11
780
847
895
1064
1110
1125
136
1193
542
596
622
1420
1454
1467
477
487
1599
1651
992
1056
1072
312
354
384
397
1310
1332
1347
1359
1371
300
1563
1702
1920
2433
2470
1484
1752
779
1056
1148
1169
1136
1207
1737
1784
1802
815
964
987
1000
1012
1033
1056
1069
1081
1103
1116
1128
1139
1151
1163
1175
1186
1199
1211
1223
1235
1246
1267
1279
1300
1312
1324
1336
1348
1360
1369
1379
1388
1398
1407
1417
1427
1436
1446
1455
1470
1479
1489
1498
1508
1518
1527
1537
1546
1556
1565
1580
1598
1625
1645
1663
1682
1702
1718
1728
1738
1748
1757
1767
1776
1786
1796
1805
1814
1824
1833
1843
1810
1772
1869
1443
1170
1194
1230
213
1626
1731
1779
1807
1847
646
756
910
960
1612
1032
1174
972
1330
1387
1412
204
1260
585
1070
116
193
720
517
735
804
903
933
1113
1135
1147
1038
1084
1103
114
1103
127
1276
1101
1221
190
1011
1229
935
1155
1256
707
736
751
764
777
789
1186
207
1935
-37
1456
1572
1658
1683
645
2022
2057
2070
1129
150
310
364
1331
1369
1390
1484
1511
1530
1549
1082
1353
1395
1410
1420
1446
1469
1480
1490
468
2000
1514
1577
1529
1757
1827
1857
1869
1803
1971
908
1915
1994
1047
821
861
-125
1711
1753
1769
2037
1136
1290
999
-339
1411
1774
1426
578
1670
1729
1738
782
919
-57
1127
1157
1302
1335
436
513
547
2259
1305
1321
1627
1686
1779
1806
1820
1862
830
860
-70
617
610
1420
1448
461
558
1582
1637
1662
1693
1713
1730
1748
1779
1799
1029
-317
1764
1803
1825
1844
1871
962
1001
1027
1042
1055
1067
1620
408
546
1645
1669
687
825
1218
766
1401
1429
1443
1476
1602
1656
1688
705
1232
1305
403
1290
1317
454
556
2316
1382
-180
904
33
1277
1403
1388
1425
1448
1460
1470
1480
1507
452
1491
530
1637
1677
1693
1405
2200
2252
2276
2296
2315
2333
2351
2369
2399
2435
2472
2521
2552
2573
2592
2621
2642
2661
2698
1718
1736
1754
1765
1788
817
857
1436
1182
1279
1337
1372
1397
1459
1503
1529
1564
1587
1622
1648
1674
1688
1700
1712
1725
1796
1824
1846
1867
1920
1947
1962
1987
2003
2018
1032
1047
1062
1076
1415
469
489
504
1427
624
651
702
566
593
616
664
691
715
732
745
648
687
714
698
726
747
778
972
993
1076
1101
1131
1150
1179
1838
1061
1030
1074
1103
1135
1659
1748
1768
1793
1811
1827
1851
1868
1883
1899
1925
1945
1963
1994
2017
2034
2049
2064
2080
2103
2125
2141
2157
2183
2201
2217
2233
2262
1282
1800
844
1062
1104
1036
127
147
165
178
189
199
208
238
257
257
328
1255
341
381
406
1389
1442
1458
1480
497
1328
1391
1410
1493
568
600
613
635
1377
1459
1506
524
437
457
465
546
565
1447
566
586
597
864
884
896
906
851
872
1324
1362
1382
1233
1459
1478
1490
1500
1474
1500
1528
1546
564
593
617
629
639
648
478
496
507
518
527
586
603
613
631
655
665
676
699
710
719
751
764
775
784
794
803
813
822
831
841
851
860
911
941
996
1013
1024
1033
1043
1060
1070
1080
1090
1099
1139
1159
1206
1231
1266
541
561
689
708
718
728
950
970
1424
1489
508
519
529
1932
1952
963
976
1004
1025
-72
1136
158
1191
1213
223
233
1414
1499
529
544
568
-85
1100
1134
1268
1312
1353
487
520
564
584
1518
1564
1269
1366
1396
418
438
459
479
497
1550
1588
610
631
649
668
679
696
706
716
726
911
1084
1126
1178
1023
1148
1316
1120
1274
1302
1323
1391
1289
1456
476
488
683
1062
1278
1309
1332
1353
1372
1393
1414
2006
2021
2031
2041
2051
2071
2090
2101
2111
2127
2139
2156
1180
1280
1921
1956
1490
1490
1520
574
602
1406
800
829
1366
1503
1608
1829
870
967
991
518
911
935
947
957
1735
981
1033
1060
1072
1082
1092
1102
1119
1137
1147
1157
1166
1176
1194
1214
819
982
1021
1218
1246
1267
290
1291
1331
1350
1361
1372
1382
1402
1420
1430
1454
1466
1476
1495
1514
1524
1534
1529
1826
2072
1111
1192
1504
1605
1078
1278
1325
1356
1049
1177
252
1408
1583
1462
-65
367
397
418
446
465
482
540
563
629
652
696
713
723
733
742
1406
1491
265
422
443
455
465
491
553
604
659
714
754
796
865
1600
600
1615
376
638
946
1009
2138
2539
2602
2653
2718
2947
3024
3045
3061
3072
3082
3127
3165
3187
3206
3239
3262
3281
3299
3318
3336
3355
3368
3378
3395
3404
3414
3423
1441
1454
1468
1479
1489
1499
1508
1518
1527
1537
1326
1349
1360
1378
1388
398
408
1552
1580
1600
1615
1645
663
674
684
694
1788
1820
1838
850
868
917
932
954
2190
1325
1372
1394
1413
1424
1434
1443
453
1295
1325
1337
347
1478
1554
1587
1733
789
810
912
-66
414
1943
968
980
1461
1502
644
838
1003
1051
1616
1078
1147
1173
1229
533
1559
1018
705
887
125
1626
772
947
977
998
1009
1020
1037
1057
1086
1105
1115
1125
1142
1152
1161
1171
1180
1190
1199
1209
1219
1229
1248
1318
1357
1379
1398
1439
1460
1477
1506
1537
1569
1588
1598
1608
1617
1627
1636
1202
1667
686
2344
1451
1475
1495
1528
1803
841
1371
1417
1453
1490
1549
1565
1577
1369
589
614
654
503
577
1420
1507
1533
1549
1568
1580
1590
1618
1631
1641
1651
1662
1671
1681
1691
722
813
830
841
851
862
879
889
763
829
845
864
876
886
896
905
915
-62
825
945
962
1520
1095
1151
1435
936
1221
1249
1267
943
969
987
1002
1177
1220
1242
276
1713
1465
1530
1561
2229
2275
1296
1307
1318
1226
1283
1304
321
336
351
367
1403
1438
1456
1481
502
518
535
553
571
583
1481
1538
1559
1575
590
605
620
481
1015
1038
1102
1195
1214
1225
1235
1246
255
265
275
1483
556
595
1596
2162
1241
1847
1769
1804
1821
1838
1883
1904
1124
1163
1289
879
940
957
-31
868
922
937
-49
26
1138
160
1262
1326
1353
1365
1375
1385
1395
1405
1368
1480
504
564
1386
635
654
665
1544
1570
1604
1621
654
672
688
754
1570
629
660
678
694
1703
906
789
985
945
1070
-106
1230
1253
1288
320
337
1066
1302
1323
335
461
323
411
722
1217
1250
1271
1289
1305
1322
1339
1367
1385
1402
1417
1432
1446
1460
1485
1500
1529
1547
1561
1576
1591
1606
1627
1643
1657
672
686
701
728
744
1394
1467
1497
1514
899
922
1022
1056
1074
1089
1106
1122
1136
1151
1166
192
211
229
244
270
287
303
1151
1173
1184
1195
205
215
1186
1214
233
252
270
314
377
410
1626
1672
1697
665
593
612
623
703
728
758
779
806
863
875
885
895
905
1494
1556
1572
604
661
1917
2116
2138
2157
2169
1186
1203
1210
1249
1595
1766
823
841
1101
2027
1352
2342
2477
1497
1509
1754
1201
1236
1923
1696
842
933
2100
1164
1181
2050
2082
2095
2106
2117
1141
934
960
722
1477
1579
1219
1314
1547
714
1564
610
634
-3
1233
1259
1276
1460
1495
514
551
1599
1704
2749
2771
776
802
813
824
848
867
877
887
896
906
915
925
935
944
955
964
980
990
1000
1009
337
1411
434
447
457
477
489
499
509
518
556
586
603
618
657
679
708
1801
1959
1984
2002
2018
2034
1050
1066
1081
1097
1114
1138
1154
170
939
1060
1083
1101
1143
1159
1175
1190
1205
1220
1237
1253
1267
1282
1296
1318
1333
1349
1366
1382
1416
1433
1448
1484
1512
1540
1559
1575
1629
1653
1669
685
1025
1114
1134
1150
1166
1180
195
1242
1324
1348
1363
1374
1384
1394
1412
1440
1462
1481
1499
1509
1542
589
1549
698
753
1570
1598
1630
2449
2500
1528
1258
1286
1297
1307
1316
326
336
384
1797
-102
833
-123
-105
-93
-83
-66
1102
1121
1132
1142
1152
1161
1197
1313
339
1133
1202
221
1777
2173
1389
1416
1709
1743
1112
2270
1935
1802
1281
2135
2157
1169
2215
2103
1175
2052
2925
2946
2957
2967
1977
1987
2047
2081
2099
2115
2133
2188
2208
2227
2276
2299
2317
2334
2352
2372
2392
1410
2465
1388
1664
1789
1859
1926
1630
1652
1668
1819
1846
2159
2189
2205
1631
1605
1779
1818
2287
2307
2319
2329
1001
2036
2061
1073
2285
2318
2334
1344
1354
1371
1381
1391
1400
1410
1419
1429
1438
1258
1314
1466
1495
1527
1600
1944
1965
1977
1913
936
2491
2524
2544
2564
2595
2614
2633
2651
2679
1697
715
1824
1851
758
1191
2823
2851
2874
2887
1899
2124
2149
2163
2176
2189
2201
1857
1900
2232
2362
2418
1465
2594
1616
1629
1642
1948
1974
1988
2001
2013
2025
1037
2256
2276
1729
992
2265
2224
2256
2274
1355
1411
1462
1486
1516
1536
1554
1532
2160
2634
2663
2685
1705
1727
2480
2500
1512
1522
534
1643
1675
1689
1702
1714
1726
738
750
762
774
786
2096
2496
2519
1651
1697
1717
1728
2152
1435
1457
1892
1941
1959
1975
1145
2006
2029
2041
1051
1507
1830
1866
1890
905
2038
1064
1578
1604
624
906
941
958
873
921
935
2325
2382
2411
834
2913
2949
1964
1977
1784
1394
1428
1473
1497
1526
2033
2064
2094
2116
1505
1532
1549
1566
1583
2269
544
1499
528
1812
841
1130
154
1420
1577
1624
210
1230
1255
1272
1782
1837
1867
1894
919
2001
2029
2049
1348
1381
1409
1513
1331
1028
1058
1077
1097
1109
1120
1130
1139
149
1369
1393
1406
1419
1431
1443
1455
1467
1487
1501
1513
1460
1483
1144
1167
1181
1194
1273
297
310
703
751
777
-198
1489
248
284
2249
2270
2283
2294
2303
2313
2323
2332
2342
2352
2362
1372
1382
1392
1402
1411
1429
1440
1450
1460
1470
1480
1490
1499
1509
1518
1528
1537
1547
608
633
-352
1278
1311
1348
1374
397
1242
1265
1114
1244
1263
1278
1176
1206
1223
1241
257
378
645
679
-302
1131
1162
1212
1233
1249
1265
1263
1288
1300
1311
747
772
784
1225
1272
1445
1467
1295
122
1370
1679
1484
1371
2576
689
724
738
890
936
969
1000
1029
1057
1075
1689
1712
1724
1735
1745
1652
1676
690
2092
1895
1925
1949
1382
1412
1424
1418
440
1742
770
792
810
1952
1036
1082
1125
1262
288
303
315
1456
477
488
499
513
534
2551
2570
1581
1591
1608
2121
2140
1152
1163
962
1636
667
712
1840
1866
907
1378
410
425
438
2255
2281
1295
1308
1321
1360
1224
1237
367
1182
1459
482
1574
1595
1607
618
628
638
500
1039
1065
1084
1101
1118
1135
151
1645
1665
1676
555
1546
567
1122
1210
1250
1306
1329
1348
1367
1386
1462
1497
530
1290
1321
1568
634
678
1735
756
767
778
787
1304
1351
1377
1425
1455
499
525
2534
2557
2568
1578
1588
1598
1608
655
1851
901
-230
1379
1464
1510
1540
2155
2178
1036
91
1018
43
343
381
407
430
452
467
1906
1950
1969
984
1010
1033
1048
1064
1885
1251
1401
1436
1450
1461
471
482
491
501
511
520
530
546
561
580
609
627
643
1329
1469
1491
1508
525
543
1690
1975
1118
1164
1202
1259
1297
1332
1365
1388
1403
1434
733
810
833
849
864
880
895
911
926
942
957
982
998
1014
1029
1044
1430
1465
537
563
578
1407
635
658
2133
2156
2169
2181
1202
1214
1227
1239
1252
263
33
1716
738
989
1068
1115
1157
1182
206
891
234
1464
1491
1511
1529
1546
1566
1578
1598
1619
1630
1641
-319
-175
1820
1859
1890
1908
1924
1939
1957
1983
2004
2023
2042
2060
2076
2092
2109
764
810
885
1219
1580
1377
1419
2915
2997
2015
2027
2038
2048
2026
2160
2189
1209
2827
2875
2904
2940
2964
2986
3008
3037
1061
924
967
993
1016
2545
2589
2614
2638
2661
2684
2705
2736
2778
2796
2814
2827
2838
2850
2862
2874
2886
2898
2909
2932
2955
2968
2980
2356
2446
2487
2525
1636
1756
2355
2186
2227
2250
2263
2276
2290
2327
2813
853
2769
2135
2503
2559
1865
2514
3199
3220
2620
2240
1797
2574
2654
2686
1714
2992
3014
3027
3193
3253
3280
2906
3088
2588
2614
2688
1736
3378
2517
2536
2547
2565
2575
2585
2595
2604
2505
2626
1658
1708
1724
3064
2624
2663
2557
2611
1635
2565
2623
3186
2229
2626
2760
2817
2863
2901
2925
1949
1551
1743
1849
1903
1960
1999
2792
2834
2852
1867
1883
3223
3290
2429
2485
2502
1513
2539
2621
2991
2143
2242
2287
2332
2375
2397
2417
2428
2472
2889
2175
2250
2280
1304
2372
2738
2760
2060
2152
2177
2191
3141
2783
1823
1733
763
2598
863
905
2490
1970
2046
2601
1783
1831
1898
1921
1935
948
2040
2154
2718
1930
1953
1966
1976
1985
1995
2005
2023
2038
2049
2059
1069
1078
2265
2317
2333
2346
1986
2060
2085
2105
2123
2143
1156
1405
2350
2385
1949
2004
1419
1477
1503
1522
1542
1571
1589
1814
1884
930
1826
1746
1799
1819
935
1739
761
772
782
792
802
811
821
830
734
808
832
851
2047
2184
2239
1279
1375
1413
1432
1449
1488
1508
1522
1538
1633
1899
1970
1206
1306
1356
1383
1410
1433
1083
1100
1110
1120
1521
1619
660
2210
2236
2254
2291
2312
1332
475
502
522
541
558
568
578
1879
139
782
1130
1276
1322
1349
1374
1400
1444
1489
1534
1573
1611
1648
1349
1409
1457
1526
1574
1619
678
1777
1797
1808
1817
828
838
847
2183
2222
2242
2261
2273
1282
1299
1320
1339
1350
1955
2059
2110
2203
1559
1675
1709
735
1722
1904
1927
531
1389
2047
1165
209
1341
1418
1438
1452
1464
1476
1495
1509
521
1428
1483
1510
1534
1557
1607
633
656
679
702
760
2333
1882
1929
1947
960
973
1745
2175
2218
1753
1803
843
821
200
628
110
236
291
340
384
428
463
58
-857
77
-785
549
405
1999
2087
1105
-592
619
115
128
-252
-199
-178
-162
-147
-132
-117
-93
-77
-47
-32
-263
1627
1666
1689
1707
1723
1733
1744
1766
1801
1823
1843
1860
1898
1918
1949
1977
1004
1026
1064
1076
1086
1108
1128
-329
-279
-260
936
-37
-20
12
33
52
72
164
186
197
214
225
-765
245
282
508
581
-349
598
703
761
832
875
918
-13
155
244
-240
-212
-1181
-306
-280
-264
-57
-295
-1478
24
48
-644
-816
-278
94
-637
196
-720
-1677
-1588
-1545
-529
-498
-194
-102
-59
-33
-9
-986
-629
-530
-1062
-1009
-635
-494
-446
-408
-339
91
281
393
-609
-568
-1551
-271
-237
214
-715
-670
-739
-677
-1654
-435
-306
567
-372
-346
-327
-1411
-1382
140
176
200
-779
-760
-324
371
408
-35
28
-941
97
-337
-284
-1262
-140
-1083
-33
-947
-475
-384
-159
-1073
-1051
-234
-163
-137
-97
-74
-56
-1046
-113
205
231
249
295
315
357
377
416
-565
-100
10
-942
-388
-345
778
817
841
917
940
955
-30
-1
-981
-128
-54
0
41
67
174
-771
-701
-655
-107
-28
8
-976
318
363
386
405
423
441
-540
-509
-6
56
79
-903
-885
-866
-1001
-918
465
500
-464
-433
-413
-399
-213
214
238
256
138
217
233
-756
249
-718
-705
-688
474
-448
724
-196
-164
-138
-94
-186
-159
-132
-104
-86
-69
-52
189
242
258
269
279
31
-898
-881
-870
669
-257
-241
193
242
264
289
301
462
554
606
-316
-217
-1180
-927
336
-625
-605
-547
-480
-111
-72
-1050
-782
176
-780
635
694
-789
-715
388
423
382
417
1475
1590
1635
673
794
227
329
639
675
218
-690
774
853
885
832
-20
1085
1110
1128
1144
1159
677
698
-290
741
-233
839
866
882
-103
-88
-73
-58
1104
1070
1320
1425
1540
1614
-499
1403
1437
460
480
-91
-41
-12
14
27
39
50
78
100
298
440
-541
312
397
420
439
472
493
512
530
556
572
589
611
642
659
-325
-290
769
827
605
627
648
659
994
96
120
136
-23
411
479
511
744
766
782
-203
879
-63
-40
-7
9
21
30
47
87
119
137
152
652
673
41
851
1220
1316
220
979
1050
205
347
646
-175
734
148
765
1057
1082
1094
1104
166
969
1105
668
734
-200
691
732
756
777
327
901
-82
1152
1010
1153
-162
937
1131
1177
1197
1209
1219
1228
1247
1257
1267
1284
1294
1215
1254
1274
-27
1070
125
148
625
714
874
202
245
86
361
386
405
424
440
887
532
0
1136
1174
1193
1209
1224
839
1015
1045
1059
1070
1079
-38
-5
9
19
29
39
413
440
1373
704
-296
1733
1776
1790
1800
1811
-180
911
-271
1332
-583
-123
302
538
472
276
1341
410
1482
1535
1558
1570
1580
758
835
38
83
230
297
1233
1282
1329
1428
1482
1731
1793
1866
1997
2025
2049
2073
2097
2120
2140
2151
2161
2171
2180
2190
2199
2216
2226
2236
2245
2255
2265
2275
1285
1294
1304
1313
1331
1341
1351
1360
1370
1379
1393
1434
1455
1502
1557
97
1086
247
628
729
-240
244
267
282
301
319
330
340
366
378
391
409
428
448
488
516
527
537
547
556
566
576
586
595
605
621
631
641
651
661
670
680
690
699
717
727
761
810
840
46
189
1515
1607
1749
1792
1818
1841
1864
1889
1912
947
1073
1190
991
1018
1042
1059
1073
1095
1118
1151
1172
1184
1196
1208
1222
1245
1269
1350
1394
1420
1438
1451
1463
1475
1487
1499
521
542
555
-316
707
32
1674
1761
1815
1862
1942
1971
1995
60
715
755
771
781
798
809
818
867
886
896
905
915
948
969
1000
1016
56
100
-274
-222
-210
456
478
492
511
527
537
547
564
574
584
928
945
1013
1054
-109
877
956
973
1003
1018
1029
1038
1055
1065
1075
1084
867
683
1236
-562
420
507
-139
170
-301
1406
-50
1735
1788
713
752
-234
1490
1247
1347
585
-376
137
493
594
-23
1102
1182
1265
1321
84
1006
641
663
675
685
695
705
714
739
-239
663
916
935
946
956
966
976
985
996
1021
1051
1131
1156
1196
1230
1245
1255
1271
-249
2
829
878
527
593
618
900
-75
840
904
-79
-68
1006
884
1136
254
274
835
585
1214
1304
405
599
-469
707
392
433
451
463
473
483
493
525
-566
975
-131
556
126
101
1181
1230
1167
1238
1276
1302
1262
1252
839
616
214
73
1129
1182
209
1351
544
709
732
748
1546
615
646
672
697
595
739
830
863
-62
2038
1825
1282
1184
1219
1236
251
266
281
296
318
333
1156
1208
226
238
248
258
276
296
1279
1316
334
349
364
387
425
446
466
1613
88
1221
324
348
368
683
1014
1092
1151
1037
1142
234
281
325
-96
1726
1787
1308
1358
1391
1412
1432
1451
1469
1498
1515
1526
1535
1544
1554
563
441
556
340
410
437
471
496
60
315
1260
285
546
570
1236
669
733
-229
1085
262
286
470
1408
1463
1483
1500
516
859
989
1041
1083
908
1007
1041
1062
79
1045
1139
1162
1178
1196
1212
1579
1627
650
669
1715
774
1205
1361
1405
1432
457
292
353
545
632
672
692
717
730
742
754
767
787
1403
1489
1523
1588
1759
1800
1824
843
861
928
952
967
996
803
851
875
893
912
938
961
977
994
1010
1027
1046
1063
1897
1931
950
962
972
982
992
64
1354
1381
1399
1414
1430
1445
1460
1476
1491
505
520
536
1198
1224
1244
1263
1291
310
329
349
1435
1481
1505
1540
1615
1638
1654
1698
1731
749
774
792
808
1002
1035
1054
1071
1088
1117
1583
1622
1651
1671
691
709
726
742
759
2116
2141
2152
2162
1172
1182
1192
1216
1231
1250
1102
1266
1289
239
1365
1498
521
535
866
1015
65
1040
1143
163
1790
1844
1247
1299
1319
331
241
1467
576
600
619
635
649
1739
1816
1839
1858
1876
860
956
976
994
1004
1014
1138
261
1853
1907
1922
1933
1018
1045
1068
1150
1823
1857
1926
1966
1013
1040
1071
1090
1061
1183
1909
1502
1524
1319
1429
1673
1892
159
1028
661
1210
1518
2052
1686
807
1153
1193
1992
1075
93
1857
1937
1028
1127
1936
1516
762
828
942
1186
219
1757
1810
1831
1532
1599
1624
1643
935
1377
2296
2218
191
951
992
1009
1118
136
1701
1781
1807
1838
1856
896
916
1410
1436
1451
1466
492
1444
1472
1490
1506
1522
1538
1553
1594
1613
1629
1647
1958
1988
1018
1039
507
2625
1671
1695
1799
1836
879
898
954
1169
1216
1234
1134
1185
1225
1259
1278
1296
1640
1669
1587
1655
1674
1685
1695
1704
1714
1803
1409
444
473
1465
2654
2712
1752
1825
1857
1878
1899
1998
2015
1424
1244
1323
1347
1365
1383
1699
1651
692
794
817
829
1673
1746
1846
879
942
963
1196
1216
749
771
810
828
838
2080
2102
2113
1135
1145
1155
1144
1170
1248
1387
1725
1822
841
1827
1857
906
921
933
945
957
992
1007
1019
1041
1055
1067
1110
1183
2065
2083
1094
1104
1198
1232
1153
1250
1269
1119
1296
1237
1268
1290
1311
1380
1399
1419
1430
1440
1449
468
479
488
1349
1401
1426
1446
1600
1656
1570
644
676
704
725
737
766
778
788
1592
771
799
819
837
841
860
871
888
898
908
936
949
2404
1431
1445
1484
604
766
857
880
891
901
913
932
945
983
1007
1027
1061
1075
1089
1099
1108
1294
1333
1523
621
647
668
1197
1288
1340
1465
1511
1536
1558
1579
1599
1620
1642
1664
1686
1720
681
726
750
772
467
507
1072
1123
1144
1161
1178
1206
1226
245
256
1194
1291
1316
1374
1432
1451
1479
1496
1506
1516
1525
535
1385
1438
1486
1515
1527
1537
1547
1557
1566
1575
1585
1613
1625
1635
1645
1654
1664
1673
1682
1692
1701
1716
1762
1782
1799
1815
1858
1869
1889
1899
1908
1918
1927
1937
1946
956
965
974
991
1000
1011
1022
1309
1352
1387
1412
1433
1466
1552
1582
603
621
634
1756
1794
1815
1843
859
876
893
926
948
985
1004
1014
1023
1033
1042
1052
1061
1070
1080
1089
1099
1115
1125
1135
1084
1408
1049
141
1160
186
200
1809
1831
843
1272
1293
1307
1319
1331
1343
1355
1367
1379
1400
1411
2039
2117
1145
186
1004
1558
1645
1725
1440
1498
1548
1669
735
759
778
795
1970
2436
1460
1058
86
1513
1776
1913
1754
1873
900
1300
1865
796
1051
82
546
742
768
1791
818
845
877
906
926
943
959
976
994
1032
869
951
-23
195
221
238
1725
1748
1759
1769
1779
1789
840
859
869
-121
1422
1472
1491
1502
1512
1522
1452
2833
1855
926
1034
1054
1065
617
1191
1011
1695
1630
707
728
745
775
1123
1167
1345
434
1368
1454
479
500
383
479
1036
1080
1103
1122
1486
533
782
-163
871
1516
2069
2098
2115
1193
1337
380
547
1658
1789
618
1638
1398
652
677
688
652
680
711
1330
1507
620
958
981
993
1003
1013
1023
1033
378
409
423
434
444
454
471
460
557
613
41
470
1370
1393
1413
1424
1434
1444
1453
1037
113
721
786
810
830
-149
806
882
932
955
983
995
338
374
502
556
579
856
368
690
738
1185
1225
1244
1259
1274
1288
304
335
365
381
1514
1537
1548
1558
567
577
1748
798
825
849
868
881
893
1963
1307
471
490
501
512
521
531
540
587
604
614
624
633
1908
1944
1964
983
541
662
922
975
1049
79
93
106
118
139
170
185
197
209
221
232
377
413
1575
1411
1454
1180
1217
1238
1255
1271
1286
1300
1331
1351
1368
1386
1403
1414
1424
1433
443
452
296
341
1378
1404
1436
1452
466
480
494
1512
1648
1673
692
710
1869
977
1027
1063
1104
1128
1152
1191
1210
1222
1231
777
871
1057
1102
1123
1144
1183
1227
1490
1570
1617
1729
1773
2301
2321
2366
2409
2426
2442
1460
1511
1529
1540
1549
1559
1574
590
600
1409
1542
394
573
605
833
839
982
1668
1709
726
740
752
-236
1195
1244
339
364
1796
1184
1420
510
1132
1401
1441
1783
1928
1946
957
974
-15
483
1106
1836
1901
1918
1929
1469
1502
516
526
1532
1628
1646
664
674
684
931
982
1000
15
1794
951
1000
1044
1084
125
-111
1664
1009
1188
1218
1120
1143
96
636
687
-292
754
-209
1206
1257
1288
1308
1326
1345
1811
894
-162
-89
-70
924
958
972
1628
1719
967
7
270
332
671
912
1957
1045
1295
331
1395
1495
1572
1665
1733
1777
1814
1855
1869
1957
1977
2001
2016
2042
2058
2072
2086
2100
2114
2129
2144
1159
1648
216
1272
1472
1556
1617
1115
1042
1421
639
754
876
1546
1580
1759
1840
882
913
957
1040
663
643
668
694
744
785
806
824
838
-152
595
1496
903
-71
1937
1979
1226
1251
899
1570
1603
1616
1627
1653
1665
624
1479
1405
1429
1441
1452
462
472
482
514
532
543
553
1496
1563
1586
608
621
633
644
656
1533
1611
630
641
651
660
1620
1643
654
665
675
685
701
712
733
1501
1566
1590
601
611
621
630
650
1518
1792
1824
849
831
858
878
899
909
919
929
939
948
1028
1073
666
2533
2677
2721
2747
1624
1646
1657
1668
1678
1687
1697
1707
1717
1727
1743
1753
1763
1772
1782
1791
1801
1810
1820
1829
1866
1896
1915
1927
1936
1946
1977
1989
2006
2016
2026
2035
2049
2067
2084
2095
2104
2114
2123
2132
2142
2151
2161
2171
2181
2190
2206
2216
2226
2235
2245
2255
2264
2273
2283
2292
2302
2311
2321
2331
2341
2350
2360
2387
2399
2408
2419
2429
455
489
530
1781
843
1393
429
1315
1586
1620
1633
1377
1425
1444
1455
1520
1481
1836
1626
664
1547
1587
1628
1645
1661
1676
1701
1719
1737
1756
1768
706
747
-236
856
1265
1289
1306
321
338
364
382
1488
1534
1556
1033
871
997
1021
1035
1049
1062
1074
86
970
1094
1114
1125
1135
1308
1530
606
652
1637
-324
711
793
258
1632
1728
950
1000
1096
1305
1343
1359
372
392
414
427
457
471
1441
480
500
1465
1541
561
589
605
621
2078
1122
1142
1156
1169
1258
1768
1835
978
1194
1224
1612
1653
1610
1183
1215
1235
304
1835
907
950
976
1000
977
1264
791
1286
920
948
1327
1678
1705
1720
1732
717
-230
1502
530
1649
1743
1767
898
-53
1165
1510
1581
1608
2110
1134
1147
1158
1047
1198
1254
1280
1303
1326
1380
1396
856
988
1037
1078
1123
1150
1157
1724
2072
1676
697
709
719
729
739
721
746
760
780
793
804
-184
1151
1176
1189
1202
1214
226
1948
1974
1993
2011
2029
2044
2054
2081
2092
2102
2111
2121
2130
2140
2149
2159
2169
2178
2187
2197
2206
2217
2226
2237
2247
2270
2280
2290
2299
2308
2317
2327
2336
2346
2356
2365
2374
2384
2393
2402
2412
2421
2431
2445
2455
2464
2474
2483
2493
2503
2513
2522
-149
1744
1765
1777
1787
1804
1815
942
971
985
-2
1462
1487
1501
1513
1535
548
560
572
1539
1558
568
578
588
598
607
1566
1586
1597
1607
616
626
642
1636
1677
699
1697
841
690
2144
1588
1819
848
1734
1211
1445
1465
1478
1491
1993
1026
1073
638
1052
1074
122
1629
1749
2057
433
1163
1270
1293
304
315
1206
1291
177
1162
1184
1195
1205
1214
1224
1233
1249
1259
1269
1278
1288
1297
307
1011
1065
1095
108
1326
1350
1370
1382
1392
1402
1412
1422
1432
441
451
491
523
1603
1686
1277
1311
1486
1541
1370
550
582
989
1013
799
1391
1573
1549
1645
1669
1083
1147
1207
1234
1258
1284
1308
1364
1408
1585
1623
1648
558
637
2155
1238
1283
1309
1334
387
1456
1494
515
1706
1829
852
1872
999
1022
1039
1057
74
1312
1365
1381
392
2475
1552
1790
823
842
854
866
914
993
1030
900
919
930
940
950
959
969
994
1007
1017
1026
1035
1045
1055
1071
81
915
974
991
1001
1011
20
1988
2026
1047
66
1766
1800
1815
1828
660
681
707
2043
2093
1109
1122
134
2497
1568
1588
1600
671
697
1985
2044
1073
1092
1105
1116
143
1185
1223
1246
1947
997
1024
2092
2151
2166
509
631
722
1914
1957
1980
1000
1018
1037
54
944
968
986
1001
1011
1027
38
60
80
984
1042
398
687
1101
153
1844
1869
2300
2323
892
1692
1600
1622
1030
63
1438
1488
1690
1721
1741
1752
1762
1282
1304
1554
1581
809
868
895
918
940
954
968
1001
1023
1035
1048
1059
1071
1083
1095
1107
1119
1130
1142
1163
176
956
1010
1029
1043
1055
1066
1079
1092
1102
1111
1121
1130
1139
1149
1158
1174
1184
1193
1203
1212
1222
1232
1242
1251
932
956
968
978
1378
1667
1701
1726
748
770
793
817
860
889
913
942
956
1694
1715
1566
1045
123
1723
1306
1364
1206
261
174
223
988
1171
1322
1378
1423
1462
1507
1552
611
651
688
724
751
766
780
795
809
823
848
863
879
893
908
923
938
953
978
994
1009
1042
1056
1071
1085
1099
1114
1137
1154
1170
1185
1201
1216
1868
2029
1137
1159
1170
1180
210
1024
1178
2106
2127
2148
2179
2210
2233
1253
1287
1299
309
169
1177
279
296
306
316
1692
1843
1894
1402
1430
1448
1467
1496
1515
1533
1570
1590
1608
1625
1643
1661
1679
1697
1710
1719
1729
1739
1749
1758
1767
1810
1833
1851
1869
1924
1940
1951
1960
1969
1979
1988
1998
2007
2016
2055
2077
2096
2124
2141
2151
2161
2170
2179
2189
2198
2208
2218
2228
2237
2246
2256
2265
2275
2284
2315
2347
2669
2693
2713
2730
2747
2762
2778
2796
2822
2841
2903
1944
974
993
1043
1061
1079
1649
1546
1572
1874
1894
1907
1918
928
1720
1089
1855
795
914
1370
401
1349
812
875
914
935
966
1003
866
901
916
927
-63
1081
1171
1192
1203
1212
1222
1223
1303
1327
1365
379
389
398
428
449
468
485
503
523
557
579
1411
1440
1461
1477
1488
1504
514
535
395
1695
1678
1389
815
1017
1081
1114
1520
1557
1570
1581
591
120
146
1516
1578
1608
244
1105
2112
1139
1279
688
863
680
931
999
1037
1290
1326
1344
1360
1378
394
409
441
460
474
489
503
519
536
553
568
595
613
628
646
661
676
691
1657
1684
1704
1719
1734
1749
1763
1779
1796
1811
839
862
1379
1421
473
679
707
729
746
756
781
799
810
823
842
862
891
913
956
980
1000
1031
1050
1066
1105
1129
1148
1163
1505
1527
1537
1547
1557
1566
1576
1643
1678
1698
718
737
481
1735
1861
1906
930
1001
1037
807
12
1007
1027
1044
1065
1095
1116
1137
1158
1210
1231
1251
1407
1459
1482
1514
1534
1552
1572
591
1220
1315
335
396
419
1422
1566
1589
1600
1610
1620
1630
1640
1650
1662
1681
1696
1715
1735
1754
1784
1806
1826
1840
1850
1882
1904
1956
1970
1980
1990
2023
2035
2044
2054
2064
2073
2083
2100
2110
2119
2129
2138
2148
2158
2167
2176
2186
2195
2205
2215
2225
2235
2244
2254
2268
2278
2287
2297
2307
2316
1699
869
932
958
970
855
2449
1832
1696
147
907
928
1217
379
1366
1413
1565
1601
1216
1249
1268
279
289
326
519
626
686
990
1055
1593
902
930
681
851
735
928
955
935
430
461
1485
1589
607
930
1047
2084
2182
1262
1214
823
844
856
2244
2267
1280
1290
1356
309
445
468
1443
477
498
523
541
557
572
596
613
628
1294
1406
1724
1770
1839
770
798
818
835
855
875
887
905
915
1777
821
843
865
932
948
961
991
1171
1198
1215
1232
1248
1264
281
1269
1359
1383
1400
1424
1443
1461
1473
1483
493
502
1955
1982
1998
2008
2018
1028
1038
59
1060
1111
1129
1151
1164
1176
1189
1201
1213
1225
1236
1249
261
274
286
297
310
1241
1284
1315
1366
1401
1436
1471
1516
1623
1665
1699
719
738
757
775
1398
418
428
1623
1651
1666
1678
1690
1703
1716
1727
1739
1760
1770
1780
1789
1810
1830
842
1505
1533
1544
1555
1565
575
585
931
960
972
983
993
1003
1023
1042
1054
1226
1002
1248
1295
324
1198
1225
1245
1264
199
408
1008
1213
1296
1315
887
943
969
990
1007
2007
2238
1255
1266
624
739
764
2164
1198
215
582
652
1065
1324
1047
2177
2228
1301
1324
1086
1145
1173
1190
1205
1220
1235
1264
1280
1295
1311
1325
1341
1356
1370
1386
1401
1417
1432
1449
1465
1482
1511
1539
1558
1569
276
904
838
859
871
-118
-108
-97
-87
1170
1322
356
2168
461
1323
1214
255
1264
1410
1434
1446
457
468
758
874
901
920
936
951
966
-20
912
960
986
1006
1025
1047
1069
94
916
970
991
1011
1033
54
73
1864
1906
1932
1943
1953
963
973
983
4
930
979
998
1010
1025
1039
1049
70
88
992
1026
1056
1068
1078
1088
1098
1123
1140
1150
1160
1170
1179
1189
1199
209
219
1235
1265
1286
1307
1317
1327
1336
1358
1378
1398
1416
433
1270
1300
319
329
342
362
312
348
2207
1229
1240
1251
837
1023
1105
1148
173
1354
1456
1633
1653
670
1389
1427
1444
1455
1465
1475
1484
1494
1504
1514
524
562
603
1673
708
726
737
935
1041
319
1717
784
1231
1359
1387
1464
1172
1158
1368
2002
1109
1146
1172
989
1103
131
956
-162
1201
1614
1802
831
-148
1304
1129
1161
1175
1193
1204
214
146
291
308
319
1188
1211
1154
323
1312
336
357
376
1224
1563
606
848
2248
1046
1098
1131
1143
1153
108
147
165
1236
399
427
447
465
482
1836
1898
1943
989
966
1029
1066
1090
1105
1118
131
747
790
811
829
840
850
-140
1112
1147
1166
1182
198
1216
241
257
274
290
314
331
363
383
399
414
429
446
461
476
492
1277
1319
1342
1356
1366
1376
1393
1417
1434
1445
1455
1465
1475
1484
1493
1503
1512
1522
1531
1541
1551
1560
1569
1579
1595
1612
1622
1631
1641
1650
1660
1669
679
689
698
708
717
727
736
746
755
765
779
789
204
1260
1302
1324
1338
1360
392
418
441
462
483
502
1068
1094
1108
1130
1143
1156
1167
1197
1219
1232
1244
1256
1268
1280
1292
1304
1068
110
133
147
1626
663
685
699
713
726
1069
1091
1111
122
1509
540
560
-22
1419
1466
1228
1131
1245
1357
1465
1487
1501
1452
1089
1326
771
1985
1084
1132
1167
1187
1201
1196
1228
1247
1265
1285
1303
1351
372
2027
2068
2089
2108
604
1917
948
461
535
1093
1214
232
242
253
622
642
653
663
673
503
556
575
590
-395
708
923
943
-39
764
813
828
-162
-152
876
961
1012
1055
1091
116
837
931
981
1028
1068
1169
1640
669
682
692
702
712
721
742
761
771
-219
1239
1325
1346
391
413
425
435
445
455
465
535
744
796
822
846
869
893
-22
897
1441
1601
1621
1638
583
-324
637
-278
120
109
158
183
638
13
1215
1259
1282
296
309
1701
722
734
744
753
763
773
792
803
812
822
832
841
851
860
870
879
898
908
918
928
937
947
884
926
1400
1430
1449
1461
1473
1485
1497
509
521
533
1410
1446
459
468
1954
1011
1035
1070
389
943
980
993
1004
1014
1024
34
44
53
1664
1690
701
711
721
731
740
1728
1750
1763
1776
1788
1800
812
833
469
1662
-303
747
829
859
-118
-76
825
499
527
545
564
582
611
629
656
675
692
709
657
695
716
735
753
771
790
819
754
842
866
909
-59
853
948
972
989
1005
1021
1037
1053
1068
1083
1098
1114
1128
1143
1160
1178
1202
1217
1234
251
267
1041
151
183
200
86
127
1115
152
175
194
1140
176
202
241
256
269
287
299
311
323
335
348
371
395
1248
1291
1316
337
356
376
396
442
466
486
506
527
549
577
590
602
614
627
639
651
663
674
686
1247
1307
421
452
476
540
427
1099
1124
1142
1171
403
1264
900
994
39
78
93
1154
1233
1259
1279
1300
334
349
361
1635
521
648
675
980
1023
48
1844
1870
1884
789
975
814
1691
1717
1386
1422
1435
446
2033
1061
-44
1874
1080
1308
1445
1468
1482
1494
1515
1527
1540
1552
1563
1575
1587
1598
1611
1622
1079
1289
1308
724
1230
1171
264
597
1259
1593
1621
1639
1655
1671
1686
1702
1717
1734
1752
1768
1784
822
835
845
855
1127
1196
1213
565
1869
1188
240
476
502
1295
1318
1330
1340
1349
359
1460
483
497
520
1258
1304
468
491
1076
118
1320
1337
1348
1358
1367
924
-24
909
355
1401
1424
1436
1446
1456
1465
1475
1493
1503
1512
1521
1531
1540
1549
1559
1568
1577
1586
1596
1605
1615
1625
1635
1644
1654
1668
1678
1687
1504
1377
1106
555
1538
1307
550
577
588
599
2055
2074
2085
2095
2104
2114
2124
2133
2142
1152
161
1113
1203
1234
1258
1387
447
2141
1188
1144
1171
1185
775
1500
559
580
848
881
930
957
1033
1085
235
1301
1391
1430
1455
1480
1519
1537
1548
1557
1566
1576
1585
594
1368
539
614
658
684
708
868
955
996
1064
1091
1102
1112
121
1543
1579
1598
1616
1325
1346
1356
1366
1376
1386
1395
879
917
-57
1233
1594
1449
1476
1491
1503
1512
1400
1421
1432
736
1576
1607
625
639
654
670
695
706
715
725
734
758
1703
1727
1404
974
1066
857
885
1075
1102
1122
1141
1155
1175
1185
1195
986
2039
1065
1078
1091
1103
1115
1127
1139
1253
359
411
438
1356
1755
1147
1220
1270
1314
1360
388
1059
1525
1030
657
704
1710
1746
1764
1775
1652
1028
1056
934
949
-18
1505
504
533
1823
1848
1862
1875
1888
1900
1911
1923
1934
1946
1958
1969
1981
1992
2004
2016
2027
2039
2058
2071
2083
2095
2107
2128
2152
2174
2195
2215
2236
2256
2276
2295
2317
2337
2349
2404
2429
2450
2472
2499
2518
2540
2579
2599
2620
872
1183
456
850
893
-90
1113
1493
627
673
683
710
920
1125
1160
1182
1202
1221
1240
1259
1294
318
337
1319
390
343
408
427
439
456
466
477
508
526
536
546
811
2325
1360
1400
424
1648
1671
1682
1692
1701
2325
2351
1365
1377
1389
605
1299
1400
1450
1490
2363
1385
1396
1174
1198
1209
2053
1097
1092
1147
1175
1199
1912
1956
1984
2009
949
-26
1730
1871
1968
1100
1172
192
1109
542
586
605
1608
1692
610
122
2135
2161
2197
2215
2232
2257
2275
2304
2321
2337
2351
2368
2382
2397
2412
2428
2442
2457
2472
2487
2520
2537
2554
2579
2596
2614
2632
2670
2684
2693
2703
2712
2722
2731
2741
2790
2807
2822
2837
2859
2875
2890
2903
2917
2932
2946
2960
2974
2989
3003
3020
3039
3054
3064
3073
3083
2092
2108
2117
2139
2150
2161
2170
2180
2189
2198
2208
2217
2226
2236
2245
2255
2264
2274
2283
2298
2307
2317
2326
2335
2345
2369
2380
2389
2399
2408
2418
2427
2437
2446
2456
2465
2479
2489
2498
2507
2517
2526
2535
2544
2581
2605
2625
2642
2659
2673
2688
2702
2716
2732
2757
2776
2794
2813
2831
2850
1883
1902
1920
1936
1953
1971
1989
2005
2023
2039
2057
2084
2102
2113
2122
2132
2141
2151
2160
2170
2179
2189
2199
2208
2217
2227
2236
2245
2255
2269
2279
2288
2298
2307
2316
2325
2335
2344
2353
2362
2371
2381
2391
2400
2409
2419
2428
2442
2451
2461
2470
2480
2489
2510
2521
2530
2540
2549
2559
2568
2577
2587
2596
2605
2619
2629
2638
2648
2657
2666
2676
2685
2694
1704
1810
1835
1888
1914
1933
1957
1970
1979
1996
2005
2015
2024
2033
2043
2052
2061
2070
2080
2089
2098
2109
2118
2127
2137
2146
2177
2200
2211
2220
2230
2239
2249
2258
2267
2277
2286
2295
2305
2314
2323
2332
2342
2351
2390
2428
2446
2461
2477
2491
2505
2520
2534
2548
2562
2576
2591
2605
2619
2634
2649
2664
2687
2702
2717
1694
1720
1739
1757
1771
1787
1802
1816
1831
1845
1862
1876
1890
1906
1921
1945
1961
1977
1993
2009
2026
2040
2056
2071
2086
2101
2118
2135
2151
2165
2180
2219
2248
2267
2286
2303
2320
2337
2356
2375
2394
2436
2462
2482
2497
2515
2534
2552
2570
2580
2597
2608
2618
2627
2637
2646
2655
2665
2674
2683
2693
2702
2711
2721
2730
2739
2748
2758
2773
2783
2792
2801
2811
2821
2831
2840
2850
2859
2869
2879
2888
2898
2917
1928
2087
2111
2122
2153
2166
2175
2185
2194
2204
2213
2223
2232
2242
2251
2260
2283
2305
2324
2342
2369
2450
2474
2493
2509
1519
1538
1549
1558
1568
1577
1587
1596
1606
1615
1625
1634
1643
1660
1671
1680
1689
1699
1708
1717
1727
1736
746
1061
1084
1354
1372
1383
1392
1402
1412
1428
438
1646
1680
1719
1755
1800
1815
1828
1839
851
863
875
886
898
910
921
941
1796
1831
1847
1860
1872
1885
1897
1909
1921
1933
1944
1956
1968
1998
2029
2043
2055
2067
2079
2090
1051
1260
1305
1330
